647691 3
655659 3
655683 3
658998 2
659571 1
659595 1
659604 3
659613 2
659715 3
659721 3
659745 1
659748 2
659874 1
659901 2
659904 2
659910 1
659946 2
660018 2
660027 2
660051 3
660084 1
660195 1
660282 1
660294 2
660297 1
660300 3
660303 3
660327 2
660516 3
660534 1
660549 3
679584 2
681387 3
681915 1
681918 1
681924 1
681945 3
681948 4
681972 2
681981 2
681993 1
681999 2
682023 2
682026 2
682029 2
682032 1
682035 1
682038 2
682044 2
682047 3
682056 2
682068 1
682077 1
682080 1
682086 2
682092 2
682101 3
682104 2
682110 2
682113 3
682116 2
682125 2
682131 2
682134 2
682137 1
682149 1
682152 2
682155 2
682158 1
682164 2
682188 1
682197 3
682203 2
682206 1
682212 2
682242 2
682251 2
682257 2
682266 3
682275 1
682278 2
682281 1
682305 2
682314 3
682383 2
682431 1
682434 2
682443 2
682446 2
682449 1
682455 1
682458 1
682461 1
682464 2
682467 2
682470 2
682473 2
682476 1
682479 2
682482 1
682485 1
682488 2
682491 2
682494 1
682497 2
682500 1
682503 1
682506 1
683040 2
683226 3
683235 2
683268 1
683271 3
683274 3
683289 3
683295 2
683409 2
683415 2
698811 1
713304 1
713310 1
713325 2
713343 2
713349 3
713352 1
713355 2
713361 1
713364 1
713370 2
713373 2
713394 2
713406 1
713409 2
713427 2
713436 2
713439 1
713442 2
713448 2
713454 1
713460 2
713463 2
713466 1
713469 1
713472 2
713484 2
713490 2

